 #          200
  -1.3996383041201179      
 -0.63150408178456252      
  -2.2062914810958714      
  -1.4796034153784641      
  -1.3606637996530171      
  -1.7907395169484779      
  -1.7990237469573833      
 -0.99709004083978958      
  -2.1566518858654540      
  -1.2851087798942362      
  -2.0440782064119469      
  -1.5117524010896317      
  -1.4847287185360616      
  -1.6784773828909294      
  -1.4050898320007701      
  -1.9974588365901824      
  -1.1557003957914631      
  -2.3530390596168473      
 -0.96379499364326904      
  -2.1184837359464268      
  -1.5028820506659719      
 -0.32021317637783148      
  -1.2718916473591519      
  -2.3586075422813453      
 -0.64177665444227838      
  -1.1539185292048877      
  -1.2652385420318379      
  -1.0073912896051109      
  -1.8115729971425005      
  -1.9825798163818991      
  -1.9048450703764914      
  -1.4717454581961906      
  -2.1310352848605989      
  -1.4150834039372326      
  -1.7229526446507919      
  -4.9166718887228934E-002 
 -0.60718337859033145      
  -1.7549895498835895      
  -1.2654688225026205      
  -1.0432966817923031      
  -1.6311174614858703      
  -2.0865904854992441      
  -1.7745372578891356      
  -1.2588294156408228      
  -2.0805768287020374      
  -1.2114337629069332      
  -3.1133639311968375      
  -1.8690185434842286      
  -1.8319395506364509      
 -0.26565558453329424      
  -2.8711247017703272      
  -3.1107891254715456      
  -3.3875940666575546      
  -4.1588891765859071      
  -5.1082494101774927      
  -4.3145052681905085      
  -4.8905274008981889      
  -5.8728247922968819      
  -5.8565531058282874      
  -4.2414733251475436      
  -5.6900943284061292      
  -5.7551975868428027      
  -5.3974895635791267      
  -1.6402029092021031      
  -5.1419893885015737      
 -0.31886681134269457      
  -5.0394786358245200      
  -5.8036845266741963      
  -6.0475292929947013      
  -5.9644703293807204      
  -6.0064403976764433      
  -6.0315989385358453      
   4.9500539195115216      
  -6.0103454058461194      
   1.1418006532075013      
  -1.6923200693519089      
  -5.9974476762703066      
  -4.6871886876495088      
  -2.0872767880547967      
  -2.0019021757325852      
  -2.0018997867764052      
  -2.0001165031777215      
  -2.0018925715256581      
  -2.0018731526068194      
  -2.0018191114117663      
  -2.0016464290860698      
  -2.0010733936622769      
  -1.9997118870491633      
  -1.9988170934185934      
  -1.9996409005350417      
  -1.9988178701493811      
  -1.9987945942874790      
  -1.9987968886470784      
  -1.9996352076266815      
  -1.9996443126866874      
  -1.9996478373368562      
  -1.9996483101822531      
  -1.9988125607081588      
  -1.9987721135079550      
  -1.9996320569848363      
  -1.9988432770955347      
  -1.9987966862410469      
  -1.9994814176488791      
  -1.9991360950399024      
  -1.9998203255747606      
  -2.0007849828540527      
  -2.0002333634987215      
  -1.9997105165403288      
  -1.9999135862625639      
  -1.9997388413297872      
  -2.0003734505822974      
  -1.9999509994272022      
  -2.0001903040528033      
  -1.9993992698198622      
  -2.0000326600171014      
  -1.9999429515427349      
  -1.9998948884596226      
  -1.9999031434647210      
  -1.9999371812976110      
  -2.0000173932257228      
  -1.9999911529523471      
  -1.9998636942404167      
  -1.9999271863691381      
  -1.9993746597860598      
  -2.0001998340167511      
  -2.0001074739808091      
  -1.9998310893947364      
  -1.9999757454058906      
  -1.9999150217321608      
  -1.9999263247793346      
  -2.0000185872496736      
  -2.0000007744719293      
  -2.0000432181791581      
  -2.0000077382472186      
  -2.0000656151635168      
  -1.9999464257142268      
  -2.0000788341476148      
  -1.9999276904095364      
  -1.9999878303993439      
  -2.0000287640979151      
  -2.0000750551002069      
  -1.9999216912183428      
  -1.9999271371043934      
  -1.9999831354095090      
  -2.0000032591866286      
  -2.0000896876251675      
  -1.9999057620287448      
  -2.0000082210137338      
  -2.0000580228923432      
  -2.0000039179528382      
  -2.0000011593758025      
  -2.0000739236715792      
  -1.9999992955564776      
  -1.9999944236644049      
  -1.9999921452993317      
  -1.9998964191705244      
  -1.9999918618667476      
  -1.9999128661008416      
  -2.0000978722384657      
  -1.9999903290347862      
  -1.9999949179030816      
  -2.0000866744459431      
  -1.9999808085372746      
  -2.0000369798952424      
  -2.0000783742184280      
  -2.0000006767624869      
  -2.0000278137467875      
  -2.0000883163547725      
  -1.9999177029325461      
  -2.0000109856235850      
  -2.0000986257308613      
  -1.9999903297021577      
  -2.0000087570395508      
  -1.9999859519111463      
  -1.9999382476127001      
  -2.0000538723031083      
  -1.9999856731905041      
  -2.0000906190356598      
  -1.9999922038352376      
  -1.9999953831438300      
  -2.0000141679992676      
  -2.0000681905151891      
  -1.9999221944599375      
  -2.0000638013516685      
  -1.9999345280360685      
  -2.0000041651397269      
  -2.0000710338410199      
  -1.9999152333599570      
  -2.0000033618842976      
  -2.0000008554839432      
  -1.9999168503070492      
  -2.0000139928180256      
  -2.0000992926934531      
  -2.0000073556975861      
  -2.0000898282563746      
  -1.9999026763858001      
  -1.9999031388146262      
  -1.9999233213283683      
  -2.0000953419528300      
  -2.0000108982524272      

